%YAML:1.0
keypoints_1: [ 9.2670166015625000e+001, 3.2804565429687500e+001,
    4.0874290466308594e+000, 2.4625967407226562e+002, 0., 9371904, -1,
    7.4644439697265625e+001, 4.8119903564453125e+001,
    3.9154007434844971e+000, 2.0761251831054687e+002, 0., 6226176, -1,
    7.5867935180664063e+001, 5.4764144897460938e+001,
    4.1600413322448730e+000, 1.9783889770507812e+002, 0., 10617088, -1,
    1.2591542053222656e+002, 6.1222671508789063e+001,
    4.4504590034484863e+000, 3.2281182861328125e+002, 0., 15532288, -1,
    1.2591542053222656e+002, 6.1222671508789063e+001,
    4.4504590034484863e+000, 7.9959960937500000e+001, 0., 15532288, -1,
    9.3734649658203125e+001, 6.9074249267578125e+001,
    3.6021740436553955e+000, 2.0403292846679687e+002, 0., 196864, -1,
    1.2526399230957031e+002, 7.0436523437500000e+001,
    4.6533570289611816e+000, 3.2267184448242187e+002, 0., 2032128, -1,
    1.2589847564697266e+002, 8.0211212158203125e+001,
    4.2603855133056641e+000, 2.7321929931640625e+002, 0., 12321024, -1,
    1.2594919586181641e+002, 8.6111083984375000e+001,
    4.2031164169311523e+000, 2.7232574462890625e+002, 0., 11337984, -1,
    1.1085820770263672e+002, 8.9943763732910156e+001,
    3.7714612483978271e+000, 3.2416760253906250e+002, 0., 3539200, -1,
    1.2575326538085937e+002, 1.0281307220458984e+002,
    3.7355213165283203e+000, 2.6782830810546875e+002, 0., 2818304, -1,
    1.0433174133300781e+002, 1.0702547454833984e+002,
    3.9860475063323975e+000, 1.2289691162109375e+002, 0., 7536896, -1,
    1.1175704193115234e+002, 1.2323171997070312e+002,
    3.9047870635986328e+000, 2.9107696533203125e+002, 0., 6029568, -1,
    1.1814416503906250e+002, 1.3888754272460937e+002,
    4.2122054100036621e+000, 1.8158843994140625e+001, 0., 11534592, -1,
    1.1717523193359375e+002, 1.4785250854492187e+002,
    4.3239684104919434e+000, 3.5805822753906250e+002, 0., 13435136, -1,
    1.1317092895507812e+002, 1.5608575439453125e+002,
    4.4172668457031250e+000, 2.5241470336914063e+002, 0., 14942464, -1,
    9.7785461425781250e+001, 1.6506620788574219e+002,
    3.6363925933837891e+000, 3.1775082397460937e+002, 0., 917760, -1,
    1.0401607513427734e+002, 1.6470574951171875e+002,
    3.7127270698547363e+000, 1.2598098754882812e+002, 0., 2425088, -1,
    7.0124290466308594e+001, 1.7079359436035156e+002,
    4.2899508476257324e+000, 1.8000817871093750e+002, 0., 12845312, -1,
    1.0589878082275391e+002, 9.3481658935546875e+001,
    5.2856745719909668e+000, 3.3369375610351562e+002, 0., 11207168, -1,
    1.0602568054199219e+002, 9.3506988525390625e+001,
    5.2219023704528809e+000, 3.3354531860351562e+002, 0., 10355200, -1,
    1.2548905944824219e+002, 9.6660087585449219e+001,
    4.6956701278686523e+000, 2.6612023925781250e+002, 0., 2687488, -1,
    1.2075318908691406e+002, 1.1199419403076172e+002,
    4.9086122512817383e+000, 5.5155212402343750e+001, 0., 5898752, -1,
    1.1308592987060547e+002, 1.3354888916015625e+002,
    4.5540537834167480e+000, 1.7170462036132813e+002, 0., 459264, -1,
    1.1308592987060547e+002, 1.3354888916015625e+002,
    4.5540537834167480e+000, 1.2825546264648437e+002, 0., 459264, -1,
    1.1176832580566406e+002, 1.4297283935546875e+002,
    5.1850275993347168e+000, 3.0809600830078125e+002, 0., 9830912, -1,
    1.2391660308837891e+002, 1.4355305480957031e+002,
    5.3990716934204102e+000, 3.9039306640625000e+000, 0., 12780032, -1,
    9.2763870239257813e+001, 1.5252973937988281e+002,
    5.6566729545593262e+000, 3.3136370849609375e+002, 0., 16122368, -1,
    9.2763870239257813e+001, 1.5252973937988281e+002,
    5.6566729545593262e+000, 1.2371595764160156e+002, 0., 16122368, -1,
    9.1064659118652344e+001, 1.6519560241699219e+002,
    4.6358857154846191e+000, 1.5136808776855469e+002, 0., 1769984, -1,
    1.1212231445312500e+002, 1.7222637939453125e+002,
    5.3753237724304199e+000, 2.8677679443359375e+002, 0., 12452352, -1,
    7.1162055969238281e+001, 1.8804469299316406e+002,
    4.7336440086364746e+000, 1.3023628234863281e+002, 0., 3277312, -1,
    1.4401284790039062e+002, 4.1467983245849609e+001,
    6.1388883590698242e+000, 3.3073364257812500e+002, 0., 5374720, -1,
    9.9984840393066406e+001, 1.0184795379638672e+002,
    5.9852118492126465e+000, 1.3761656188964844e+002, 0., 3539712, -1,
    1.0161889648437500e+002, 1.1998734283447266e+002,
    5.7593321800231934e+000, 2.9935516357421875e+002, 0., 721664, -1,
    1.1651450347900391e+002, 1.6297558593750000e+002,
    6.5447688102722168e+000, 3.4750457763671875e+002, 0., 9962240, -1,
    1.1651450347900391e+002, 1.6297558593750000e+002,
    6.5447688102722168e+000, 2.3804049682617187e+002, 0., 9962240, -1,
    1.1651450347900391e+002, 1.6297558593750000e+002,
    6.5447688102722168e+000, 1.3636831665039062e+002, 0., 9962240, -1,
    7.9963729858398438e+001, 1.7126356506347656e+002,
    7.0147881507873535e+000, 2.0986483764648437e+002, 0., 15008512, -1,
    7.9963729858398438e+001, 1.7126356506347656e+002,
    7.0147881507873535e+000, 1.8148544311523437e+002, 0., 15008512, -1,
    1.1667441558837891e+002, 1.7982189941406250e+002,
    6.5863242149353027e+000, 7.0223937988281250e+001, 0., 10420992, -1,
    1.4724429321289062e+002, 1.8904533386230469e+002,
    6.3771061897277832e+000, 1.9297752380371094e+002, 0., 8127232, -1,
    8.0798896789550781e+001, 4.3760742187500000e+001,
    9.0078630447387695e+000, 2.1156890869140625e+002, 0., 16384257, -1,
    8.9809707641601562e+001, 5.3746196746826172e+001,
    7.8764696121215820e+000, 1.7250369262695312e+002, 0., 6684929, -1,
    1.1911817169189453e+002, 1.2780013275146484e+002,
    7.4858331680297852e+000, 2.8313644409179687e+002, 0., 2949377, -1,
    6.1458049774169922e+001, 1.7705085754394531e+002,
    9.7434511184692383e+000, 1.7998262023925781e+002, 0., 5308929, -1,
    7.9331367492675781e+001, 2.0017869567871094e+002,
    8.8190078735351562e+000, 1.1824507141113281e+002, 0., 14811393, -1,
    9.6640663146972656e+001, 7.8292282104492187e+001,
    1.0581366539001465e+001, 1.7876771545410156e+002, 0., 11272705, -1,
    1.1067604827880859e+002, 4.5773273468017578e+001,
    2.4411870956420898e+001, 2.7413470458984375e+002, 0., 4915970, -1,
    8.4114181518554687e+001, 1.8526445007324219e+002,
    1.8801677703857422e+001, 1.7594836425781250e+002, 0., 2753026, -1,
    8.4114181518554687e+001, 1.8526445007324219e+002,
    1.8801677703857422e+001, 1.2466812133789063e+002, 0., 2753026, -1,
    1.1055374145507812e+002, 4.6267208099365234e+001,
    2.5748899459838867e+001, 2.7528710937500000e+002, 0., 8782594, -1,
    1.0960314178466797e+002, 6.6502571105957031e+001,
    4.9908412933349609e+001, 3.5276763916015625e+002, 0., 6488835, -1,
    1.0960314178466797e+002, 6.6502571105957031e+001,
    4.9908412933349609e+001, 1.9050570678710937e+002, 0., 6488835, -1 ]
